40 1000
30 3 11 15
19 32 4 6
4 8 5 39
37 0 36 10
10 26 9 37
15 28 5 7
6 1 6 10
2 17 22 4
22 10 18 9
20 0 30 39
36 4 27 7
0 29 34 28
21 33 18 19
14 12 24 20
39 19 8 37
22 31 18 9
29 8 36 27
21 8 13 7
20 37 9 0
18 31 33 32
1 14 20 34
16 29 19 22
16 36 28 36
25 6 1 23
31 24 27 3
7 36 13 16
21 22 33 35
34 37 0 23
37 7 31 39
39 21 24 37
23 38 6 7
24 32 14 39
27 24 16 38
33 7 22 20
31 5 14 6
38 19 21 37
7 21 3 11
21 21 4 36
39 15 33 16
18 10 2 10
1 34 24 32
1 1 38 8
7 36 0 9
30 27 32 32
10 20 12 37
5 29 17 6
20 28 18 23
2 26 29 4
29 8 12 16
33 1 19 37
24 6 17 7
14 39 16 18
28 17 26 23
29 12 28 9
0 17 4 17
0 10 12 30
30 24 29 35
7 17 23 14
24 25 3 13
22 14 15 3
16 22 5 25
19 7 11 9
1 5 26 9
24 32 26 8
23 26 13 12
36 23 7 36
4 16 25 9
1 18 7 21
32 8 39 6
6 19 8 24
17 3 36 16
38 28 19 24
36 37 24 19
15 25 8 24
37 23 24 31
9 24 1 33
23 32 35 1
32 14 32 35
15 5 21 19
34 19 28 10
39 25 37 22
26 23 36 36
33 4 39 9
34 34 0 16
22 2 34 8
28 27 3 14
16 36 33 28
30 36 3 19
2 30 13 12
23 15 6 13
14 13 9 17
19 23 17 19
18 0 26 33
0 8 39 10
37 36 21 36
25 27 12 4
21 9 15 21
18 32 29 19
10 9 0 20
39 14 11 19
35 20 5 6
3 22 5 18
5 21 15 5
29 35 7 6
8 35 21 36
7 35 35 35
14 31 36 37
35 35 28 14
33 1 34 9
5 3 13 39
16 18 29 2
23 36 25 15
38 15 31 4
5 35 18 16
7 37 38 8
35 7 4 33
4 9 23 5
30 31 0 23
17 9 7 27
28 4 11 34
11 6 10 4
24 35 16 29
10 22 31 17
31 3 13 20
35 20 15 11
21 5 36 26
23 34 2 37
19 22 10 20
6 27 3 31
27 1 0 39
25 25 38 10
20 12 27 23
39 27 26 25
7 15 29 37
28 0 25 11
4 33 35 39
31 36 0 12
36 22 27 0
7 12 3 11
11 7 34 39
32 37 6 28
31 38 21 16
12 9 32 5
28 26 13 11
0 2 39 24
6 21 19 28
20 18 27 13
18 11 35 39
33 24 39 2
2 19 19 31
29 32 27 12
24 13 38 20
22 38 24 13
26 17 2 21
35 36 16 9
26 15 31 35
39 14 10 3
14 23 34 7
0 34 23 23
28 6 5 37
20 31 3 32
35 35 20 26
8 17 35 20
32 16 13 9
4 16 16 0
0 7 10 4
12 35 28 23
31 23 36 21
20 12 6 29
28 8 36 18
7 2 37 24
26 34 25 18
24 26 29 5
31 12 28 32
39 15 9 3
32 16 3 34
39 35 10 7
21 26 15 7
14 11 10 7
31 7 8 24
35 5 36 19
13 36 2 35
23 11 23 18
38 36 14 31
9 10 25 3
24 16 19 4
7 12 7 28
35 10 32 9
37 12 10 3
2 9 16 38
33 12 34 34
39 10 18 39
28 10 8 11
3 35 10 6
33 36 31 14
0 10 24 29
35 3 25 19
39 39 27 15
30 15 31 32
13 15 23 10
33 38 6 39
15 31 19 39
29 12 19 7
10 3 12 7
27 16 25 17
5 27 33 21
25 16 36 35
16 36 14 26
16 30 13 32
19 13 20 5
21 14 7 23
15 29 14 12
31 31 23 14
28 34 33 14
32 8 16 2
39 19 8 6
10 11 10 34
27 16 31 32
26 19 1 5
7 18 25 32
24 34 19 2
20 12 28 8
3 36 28 8
32 37 36 30
17 16 25 12
27 33 38 29
17 4 0 2
5 21 8 31
7 29 31 2
14 35 25 38
25 6 12 16
7 37 25 27
8 34 21 39
12 38 39 0
21 29 7 0
0 26 25 37
4 18 0 20
35 36 33 8
13 26 18 18
35 3 20 38
36 6 33 21
28 1 28 35
33 31 23 24
24 28 2 18
26 4 2 37
8 21 21 37
15 15 12 27
13 28 5 28
3 17 13 15
21 29 15 1
13 0 15 32
39 35 17 19
6 18 29 12
3 29 12 5
18 26 21 0
13 1 36 36
24 0 24 28
35 15 29 34
24 19 38 11
4 0 22 35
38 34 25 24
20 8 11 0
5 36 26 29
39 27 10 8
14 32 32 27
19 24 21 21
36 27 21 15
27 12 8 9
12 12 6 5
29 13 3 12
38 24 8 1
38 23 15 8
16 33 33 38
2 7 16 22
18 8 13 28
35 6 32 5
6 5 6 21
3 22 0 33
37 39 20 28
0 25 29 32
1 14 15 10
0 9 17 27
38 39 30 33
17 13 0 22
11 33 32 19
36 3 12 19
32 5 29 20
20 34 35 31
25 15 32 22
3 15 25 7
17 32 10 32
0 12 38 29
1 22 2 31
11 9 7 14
18 0 6 6
29 0 36 8
22 14 39 14
38 33 30 35
8 27 15 29
15 16 0 5
4 38 23 35
15 10 9 6
35 20 37 16
5 26 11 10
23 30 31 35
0 9 29 27
16 30 10 12
21 24 24 11
7 15 16 7
28 16 12 28
5 13 5 15
12 5 24 14
39 19 6 16
4 20 25 26
22 7 13 37
23 20 20 17
25 1 36 0
1 27 13 16
11 15 19 26
34 19 2 4
13 17 38 4
32 7 15 26
33 26 25 4
26 25 16 35
9 30 0 5
1 11 25 9
17 36 34 6
0 38 16 39
31 19 16 38
38 35 22 21
15 11 5 33
5 14 36 14
14 30 18 12
38 20 8 32
7 37 18 26
5 38 34 37
4 0 6 13
23 34 33 1
33 28 28 27
19 11 29 29
32 17 21 18
39 31 32 4
1 34 33 15
3 34 24 5
0 17 4 9
30 2 10 19
13 32 31 32
33 28 38 10
27 2 26 28
33 16 0 39
30 18 32 33
29 29 37 37
12 27 23 37
35 19 5 20
2 5 8 7
36 20 16 30
32 1 2 28
11 37 2 3
36 14 17 26
21 11 7 5
30 28 29 38
35 3 4 13
2 3 31 27
7 28 8 13
33 31 5 38
29 32 6 2
34 35 19 29
21 29 22 34
31 21 7 22
32 1 11 26
28 33 25 27
22 19 27 16
5 35 22 39
30 31 10 11
4 39 19 26
26 39 12 2
10 18 8 1
19 38 13 24
33 22 38 10
35 15 39 0
33 26 14 20
20 4 6 2
28 3 14 2
21 16 19 39
27 28 30 39
36 6 14 27
26 34 33 36
6 1 29 30
5 16 20 14
0 7 3 1
25 19 4 19
30 24 21 39
0 12 39 5
24 13 14 12
37 27 22 29
26 0 29 18
14 14 1 2
39 26 2 38
30 3 33 29
12 16 4 14
36 16 5 16
39 5 22 2
17 4 6 27
30 23 31 16
17 37 32 23
17 32 0 27
20 33 9 26
10 12 21 10
23 3 18 29
37 22 29 24
1 30 37 17
11 17 13 32
33 1 34 29
8 20 27 4
10 0 27 5
37 1 34 8
30 25 33 3
18 27 27 6
15 4 28 20
33 22 8 38
37 32 32 18
28 0 33 25
10 17 24 22
34 4 4 0
25 1 10 10
3 29 22 31
16 18 23 18
20 33 4 3
39 5 6 38
19 23 25 14
5 30 5 17
0 37 8 24
33 3 28 39
28 6 25 21
13 0 13 21
7 15 38 35
5 29 23 7
37 33 23 1
13 31 12 25
34 13 18 28
31 14 4 23
35 27 26 11
34 8 37 26
4 6 12 33
7 32 9 32
6 34 25 16
28 27 3 10
33 31 13 38
32 1 0 0
15 39 30 27
31 24 8 0
25 1 31 11
36 28 10 14
23 12 15 24
13 37 33 5
0 0 12 18
4 8 19 17
11 36 4 28
39 19 34 12
7 33 36 4
29 2 27 25
10 22 19 33
7 14 16 28
21 35 37 6
37 1 25 28
33 8 17 28
4 2 33 1
31 11 29 19
32 23 3 9
20 15 36 31
8 36 14 0
8 2 33 32
10 33 19 0
26 29 27 26
23 8 29 23
2 11 11 22
7 13 37 33
7 36 34 24
37 14 6 29
35 1 10 19
20 22 39 0
7 13 32 2
1 17 30 12
11 35 2 21
13 8 15 38
14 37 2 32
33 13 24 35
36 0 29 31
2 6 39 38
21 17 5 15
15 11 28 2
14 4 20 17
29 39 12 27
14 29 17 8
30 26 27 30
32 21 17 29
11 31 29 2
4 2 10 14
15 11 36 4
15 0 27 3
14 32 13 23
30 3 11 34
30 3 39 31
12 26 39 12
3 29 9 26
19 17 15 36
39 33 4 27
31 25 34 14
30 22 24 22
0 12 17 13
19 30 39 0
13 28 23 11
18 11 20 22
11 27 32 37
36 2 6 20
35 23 14 12
32 21 21 18
26 35 12 19
2 7 2 21
17 1 11 2
7 20 26 4
15 28 31 13
33 11 0 25
30 17 4 35
16 27 25 6
11 14 14 12
21 8 27 20
3 0 31 21
9 12 16 9
18 11 5 39
5 22 10 38
11 13 3 1
16 15 37 19
16 19 37 33
28 10 21 10
11 21 7 3
6 34 33 18
17 31 6 31
15 11 9 14
38 31 10 9
23 19 39 19
9 1 39 4
24 14 7 31
34 7 33 6
23 21 3 6
19 5 30 19
33 32 1 11
0 2 26 27
32 17 16 38
33 1 11 6
22 9 10 23
35 27 27 15
17 19 29 23
20 35 25 4
24 15 10 9
30 3 29 39
16 33 39 36
18 5 18 18
17 24 12 21
37 19 4 27
6 22 38 11
36 25 37 4
31 3 16 34
19 9 35 13
27 17 5 4
8 34 14 17
12 25 30 2
21 29 24 17
34 17 16 19
35 24 10 10
37 1 30 35
30 35 13 8
36 11 15 29
19 8 21 35
16 17 30 39
30 1 39 2
0 26 12 3
36 28 22 0
4 2 5 21
16 0 30 28
29 35 19 32
21 4 30 8
18 39 34 27
22 37 28 38
12 8 12 26
1 33 32 5
36 18 6 18
15 6 22 14
23 6 32 0
33 19 5 2
29 21 20 16
19 22 30 4
25 19 34 33
30 14 9 28
16 30 13 34
0 7 18 38
20 38 14 24
9 37 7 28
17 35 5 35
29 25 39 9
7 34 3 39
21 6 38 16
30 13 36 2
36 0 20 8
7 8 30 25
17 9 0 18
0 30 19 39
23 11 18 29
23 32 25 19
25 0 24 8
2 13 12 10
22 16 0 25
7 16 15 15
2 36 36 11
4 15 27 25
11 38 19 30
28 24 1 18
6 11 11 1
36 38 14 3
24 14 21 14
29 10 3 6
9 18 36 9
7 24 27 32
21 38 22 1
32 5 32 3
10 32 9 30
38 24 1 27
34 22 9 30
5 30 16 27
20 37 19 5
9 0 38 20
38 0 33 34
8 8 33 24
2 11 29 8
14 5 9 15
11 37 29 25
3 15 6 25
21 22 26 15
36 3 37 25
31 29 26 33
0 11 1 39
20 6 24 1
17 18 23 22
27 22 34 3
12 31 15 37
5 37 29 3
9 2 12 0
30 21 18 15
19 4 6 7
13 28 24 2
12 14 2 33
28 34 30 3
16 13 15 36
32 5 15 39
10 37 30 23
22 5 16 12
30 15 33 3
34 3 6 4
16 37 5 15
17 7 35 29
8 17 22 22
12 32 25 38
14 35 27 37
13 8 10 7
8 33 23 31
25 20 31 13
12 39 32 20
35 5 17 20
29 18 35 12
32 7 37 2
27 33 24 4
15 23 1 14
0 7 35 39
13 9 35 17
21 12 4 23
2 8 14 24
33 32 39 34
20 0 19 15
25 29 7 20
38 22 15 31
38 22 12 7
14 35 34 33
9 37 22 19
3 28 39 35
0 0 11 31
28 8 8 3
13 28 21 34
0 14 29 31
33 16 10 39
11 5 37 5
22 24 22 9
5 17 31 10
10 6 28 26
26 18 14 9
28 38 27 14
11 9 3 2
15 6 30 20
18 16 34 20
7 29 23 30
9 31 23 7
27 5 1 37
32 13 12 7
26 4 27 7
22 38 32 12
35 31 18 11
26 21 38 25
13 28 31 21
17 7 20 9
1 26 13 11
37 15 12 16
37 21 7 10
1 18 15 13
27 7 16 3
2 18 14 29
15 39 11 10
22 5 0 27
28 33 33 35
37 34 0 23
6 31 31 3
34 29 36 7
29 17 36 2
0 23 30 29
16 17 33 29
31 1 17 29
0 15 34 7
37 37 18 30
3 14 4 15
1 36 31 16
7 35 24 21
36 6 14 33
30 38 34 36
19 8 27 2
1 37 25 12
4 0 0 5
9 8 7 32
33 5 2 6
30 24 13 28
17 19 2 30
34 11 36 3
37 21 16 37
0 9 5 1
7 31 7 3
8 3 3 3
15 6 7 22
17 28 24 8
24 26 9 25
19 33 2 11
13 22 18 1
25 23 12 2
26 3 4 1
31 10 4 5
19 38 14 6
22 39 3 31
19 24 31 24
8 22 21 39
31 6 34 1
31 34 34 22
16 9 3 5
16 19 23 37
12 17 39 2
4 11 19 30
23 13 38 32
6 7 38 38
14 8 33 24
11 14 36 37
26 21 31 12
24 12 10 25
8 29 9 17
1 8 14 4
35 7 4 20
34 23 27 16
6 38 29 24
17 9 9 36
18 19 25 34
34 9 12 11
31 11 3 34
38 39 32 8
20 1 23 3
21 29 14 0
24 8 22 1
14 6 12 15
4 38 12 38
17 19 15 7
21 19 12 33
32 11 7 8
17 6 35 13
3 5 0 24
11 10 38 31
26 23 33 2
28 33 37 18
23 32 32 13
11 25 5 1
7 3 2 19
8 24 23 14
12 14 30 13
14 17 22 27
28 2 7 19
19 2 30 13
20 6 11 12
7 23 27 10
21 13 1 31
31 37 32 0
10 28 37 12
10 36 22 7
3 25 2 29
24 8 0 4
12 8 13 38
14 27 4 24
29 23 13 18
2 16 10 31
18 10 23 0
14 32 15 33
6 34 35 12
8 36 10 23
36 3 7 21
21 7 2 8
11 14 10 39
5 24 14 23
39 35 34 27
13 36 26 31
30 29 36 7
1 8 16 1
23 37 34 10
4 10 5 1
10 35 17 34
15 6 18 4
30 18 39 17
12 25 27 14
11 0 8 14
23 0 19 9
18 4 1 30
2 26 24 14
17 16 39 33
13 35 0 34
29 28 11 1
1 21 6 17
28 26 28 15
37 37 39 20
37 21 6 1
27 39 11 37
33 20 12 38
6 33 8 10
1 13 17 35
32 5 16 1
7 24 22 25
18 22 3 18
7 28 25 23
35 31 37 22
31 11 30 34
1 4 36 15
24 3 26 20
18 36 4 4
28 39 26 14
18 24 18 8
8 10 14 36
1 35 15 2
23 20 26 20
33 1 38 22
4 39 20 23
35 8 22 38
33 18 32 36
9 37 39 14
11 26 38 37
1 4 28 32
23 16 39 30
21 21 15 11
7 0 9 39
16 15 30 34
3 4 23 19
1 25 11 39
26 14 1 15
28 24 35 25
39 27 36 17
17 11 8 38
26 0 31 13
4 12 3 30
36 0 11 6
3 10 31 7
30 28 32 20
39 3 27 26
17 33 27 27
16 25 37 6
14 36 37 3
29 18 9 23
26 0 29 4
16 3 3 21
21 25 9 28
0 4 33 2
6 14 27 30
11 18 36 37
21 37 31 8
5 12 31 26
7 2 24 10
8 29 2 24
29 33 2 10
29 9 38 32
17 30 2 25
27 30 36 0
35 7 8 2
28 15 39 5
30 31 25 20
29 18 11 29
28 16 14 13
37 3 13 26
24 7 39 36
22 2 18 16
28 28 16 36
21 32 12 39
2 18 13 39
1 24 14 13
6 11 33 2
27 23 35 13
34 5 10 35
22 19 39 24
11 38 24 13
14 19 18 22
4 22 13 23
0 5 4 1
29 7 0 23
35 19 6 13
14 15 1 11
16 39 0 24
10 4 20 1
0 18 33 15
37 21 25 37
17 3 32 5
2 25 25 20
8 17 34 13
15 28 11 20
20 7 3 31
23 12 2 27
35 22 0 26
33 34 18 12
35 6 23 33
30 21 27 29
6 12 4 20
38 1 21 8
9 2 7 39
0 35 4 15
15 6 20 35
1 25 1 11
23 2 34 27
13 20 1 23
23 27 21 10
3 1 10 2
16 23 25 14
26 30 34 15
30 4 9 17
11 2 39 28
19 13 1 21
9 20 26 13
2 28 27 17
9 6 33 13
20 10 30 10
5 27 4 12
22 1 33 7
25 38 16 1
32 8 36 20
30 0 7 25
30 18 6 3
2 29 11 16
20 8 23 22
20 38 15 24
34 14 9 9
7 25 36 16
13 3 4 38
3 39 35 1
9 15 38 10
35 2 18 24
20 38 11 35
24 11 8 10
39 30 1 6
12 33 17 11
10 13 22 17
39 36 9 28
26 18 1 21
22 0 29 5
34 20 10 28
27 0 6 18
27 4 16 36
2 17 4 2
25 4 12 1
9 11 14 23
4 11 35 36
37 24 24 14
23 32 24 7
33 20 36 4
31 6 18 29
35 33 30 16
37 19 4 31
18 18 9 0
15 31 16 24
6 18 19 15
37 34 15 7
33 25 25 12
13 21 25 33
37 0 29 33
37 37 1 22
5 18 27 35
2 28 17 14
