40 1000
26 33 12 38
14 20 2 21
13 21 16 34
20 10 4 9
29 2 0 10
18 1 14 32
19 5 2 29
2 16 3 31
15 0 12 27
17 21 17 0
5 20 15 34
16 0 26 15
35 14 12 0
14 4 22 33
7 11 14 15
39 28 12 37
4 37 33 12
31 36 15 17
34 10 33 17
2 15 2 4
3 22 36 15
21 37 10 12
13 31 20 21
22 14 27 20
33 31 8 10
21 31 22 31
14 6 31 4
3 38 18 8
7 35 36 27
16 32 29 25
27 16 2 36
3 11 35 39
8 12 22 0
31 36 11 8
13 7 36 17
2 34 33 12
17 12 31 37
18 28 4 20
5 32 5 10
1 19 31 37
33 19 24 7
12 39 39 32
39 36 15 39
11 29 37 24
15 28 12 19
5 19 11 36
23 2 6 19
20 34 24 3
4 3 31 28
38 16 12 1
24 26 7 36
20 35 6 2
22 2 22 37
17 7 29 29
30 2 3 31
15 13 18 11
15 27 37 2
38 1 20 32
14 13 2 9
4 35 5 36
4 16 14 3
2 35 4 27
1 11 1 0
10 19 35 2
33 23 2 1
10 26 24 18
39 7 36 6
32 21 31 11
14 8 28 9
31 14 36 0
38 7 7 7
22 25 3 7
9 34 20 0
15 14 28 38
3 17 26 35
21 7 11 27
0 12 39 11
20 15 34 32
36 27 6 34
27 31 28 5
6 20 31 27
17 30 38 13
32 13 16 12
24 5 25 18
38 17 37 23
24 2 36 6
8 13 4 34
0 8 9 2
2 25 18 11
20 3 17 37
31 23 28 9
3 15 30 27
39 34 29 22
6 22 23 22
24 24 11 8
7 14 38 12
5 12 31 21
38 15 32 13
36 3 23 7
15 10 29 20
13 1 25 13
14 14 23 33
10 12 11 22
34 1 27 38
13 3 37 17
1 9 28 3
19 17 37 2
5 8 2 14
37 36 27 34
38 31 1 9
10 27 16 8
33 7 29 33
24 31 31 31
25 36 2 13
18 21 20 29
39 36 13 39
18 31 25 17
16 3 22 27
33 30 37 17
31 9 2 26
1 12 17 12
14 39 38 0
10 18 25 30
26 13 36 8
5 23 32 0
9 36 3 35
31 5 21 26
18 1 35 28
23 16 7 25
13 9 31 37
15 29 27 29
15 9 1 0
18 39 25 31
38 21 37 30
17 8 26 12
0 21 3 17
3 28 20 33
18 22 32 18
30 8 23 1
27 0 23 8
36 2 39 8
20 13 20 18
14 25 29 27
2 32 9 10
38 17 12 37
19 35 4 39
14 17 24 15
35 19 30 35
35 4 2 2
28 32 8 22
6 39 15 7
35 3 15 4
29 38 36 32
31 18 32 35
10 28 12 24
29 15 23 36
15 26 6 39
1 18 28 10
8 35 17 0
12 15 10 22
23 5 30 8
18 27 17 5
16 5 15 35
18 32 19 22
6 5 0 5
23 34 12 5
14 35 35 11
33 6 18 17
21 29 11 24
20 11 15 27
34 15 27 18
31 23 20 6
29 21 32 8
1 6 22 16
37 10 4 24
8 0 15 12
19 30 38 4
36 6 28 22
4 6 27 6
16 31 1 3
5 4 38 26
0 1 27 30
19 14 9 16
31 17 31 31
33 0 13 8
31 11 7 29
15 23 37 8
37 32 25 30
12 33 9 0
34 30 22 36
11 19 8 38
27 35 29 20
0 21 22 21
0 23 15 3
20 1 0 3
19 28 7 37
30 26 7 11
20 8 9 6
4 11 8 12
30 34 37 26
36 18 13 35
21 5 8 26
18 27 9 17
31 4 29 23
34 30 39 30
3 8 37 37
28 25 22 24
5 3 28 11
16 22 26 39
16 25 3 14
18 38 12 1
2 8 27 3
18 15 4 1
11 33 35 9
14 9 26 5
15 27 16 8
33 29 20 3
13 9 33 20
24 17 8 19
21 11 2 39
23 27 35 7
15 12 28 7
35 25 25 30
32 31 16 18
36 23 20 31
10 8 39 38
27 13 36 30
10 15 3 22
38 23 10 0
28 36 11 36
13 12 17 3
3 38 11 6
21 21 15 29
17 31 22 3
13 38 15 37
16 10 6 16
39 7 31 1
22 11 36 6
13 15 11 11
17 33 1 24
15 9 1 15
0 10 20 25
18 8 4 25
6 37 39 26
37 31 6 5
3 20 18 5
24 11 20 17
8 29 39 39
14 24 28 30
29 23 39 10
20 11 19 18
26 17 24 20
31 36 38 8
24 28 30 25
33 3 5 7
25 17 22 12
37 34 31 11
4 25 33 14
19 4 2 19
6 16 3 27
24 17 19 8
15 0 9 39
14 15 34 36
16 17 13 32
18 33 1 7
12 35 29 31
1 14 11 26
27 25 1 26
26 20 20 18
15 38 11 16
9 22 34 20
9 21 3 2
1 35 19 12
26 37 16 25
4 15 28 28
4 29 1 1
12 20 39 8
2 33 27 39
22 11 31 8
23 12 19 14
17 30 31 6
4 32 15 27
10 21 19 19
26 32 6 14
7 37 12 1
23 7 1 37
30 9 18 5
29 27 34 22
14 14 7 32
34 12 4 11
32 28 3 33
38 35 9 24
33 23 11 20
27 1 35 20
13 13 21 17
30 23 20 32
3 0 23 4
5 29 33 26
34 4 39 38
7 9 32 33
9 0 32 18
39 9 1 38
0 1 17 3
6 9 8 5
9 23 28 10
2 14 18 37
13 18 34 35
3 17 35 24
18 23 35 26
35 29 30 11
19 27 29 17
37 18 32 11
17 17 5 39
35 14 6 10
33 1 4 19
13 8 12 3
2 27 29 13
26 1 8 12
15 12 3 32
25 14 31 11
19 20 35 23
11 38 25 8
31 9 14 1
29 2 14 8
32 22 18 10
4 10 17 18
37 7 38 26
37 17 14 8
12 38 5 18
1 36 27 1
14 34 21 23
2 24 38 38
29 4 33 2
5 4 7 33
0 30 19 38
21 0 9 15
27 32 33 38
12 6 35 2
25 11 0 27
9 16 10 29
15 22 9 32
14 3 8 39
17 28 37 16
28 21 4 3
21 38 7 23
38 37 11 7
23 3 21 1
6 35 7 37
10 2 26 39
36 19 33 26
1 7 13 14
12 31 0 4
26 10 4 15
37 24 1 10
5 35 20 34
16 30 39 36
34 25 13 39
1 5 39 10
36 36 1 36
0 22 20 16
30 25 25 31
20 10 35 36
12 15 37 33
24 0 24 16
20 29 24 27
21 20 16 14
31 14 6 28
25 26 17 2
5 2 7 12
9 24 20 28
35 19 28 1
14 39 25 3
24 36 38 31
8 25 36 8
12 24 7 22
25 28 34 30
0 6 7 2
5 9 15 14
33 20 23 17
26 20 13 3
18 13 3 23
9 22 16 37
15 31 14 37
7 11 12 0
13 39 19 7
9 1 20 16
37 7 31 7
29 17 8 21
18 22 5 1
31 24 20 20
1 26 20 12
20 10 38 36
32 4 6 27
32 8 29 10
10 14 23 5
26 24 11 19
25 2 25 24
36 12 27 15
33 3 11 18
11 26 37 29
24 6 31 24
2 19 9 23
31 34 25 28
39 19 38 12
30 18 29 9
19 19 24 22
0 2 8 39
35 25 25 5
27 21 34 27
38 32 29 19
8 33 7 27
3 4 0 28
15 37 37 35
10 7 10 6
22 37 30 20
34 3 13 16
2 23 30 21
20 20 15 26
14 17 30 14
0 39 4 35
19 17 15 0
8 36 3 13
8 39 35 9
23 16 37 26
32 18 8 3
28 5 17 30
5 33 30 7
35 25 0 15
32 4 32 11
18 29 7 26
15 13 37 39
26 22 5 14
19 11 31 0
9 26 21 33
20 10 20 28
15 4 34 1
1 30 5 25
19 16 17 11
25 24 37 5
27 22 15 35
38 2 18 31
8 38 37 21
16 10 3 33
22 28 0 12
9 31 13 28
4 27 1 5
33 12 17 26
35 36 31 29
2 33 24 25
7 22 24 24
37 3 29 28
12 13 0 10
26 34 9 25
10 7 24 3
6 39 5 24
15 30 5 7
21 9 24 4
9 37 10 23
14 32 32 20
1 18 11 33
39 0 30 17
22 4 4 10
12 20 14 20
21 3 15 5
5 13 24 18
25 15 17 16
1 19 5 9
30 29 3 11
33 23 27 34
2 4 19 33
33 25 9 28
30 11 7 32
7 2 11 13
33 6 17 23
8 37 5 31
5 8 20 16
15 39 9 22
0 22 17 11
22 24 1 11
3 1 14 36
14 1 20 1
37 17 11 0
5 21 1 23
15 25 32 13
26 27 38 16
33 35 3 11
34 36 15 5
5 27 28 25
33 37 17 7
26 36 24 13
6 6 19 15
2 12 0 27
14 34 7 34
31 27 31 21
2 21 32 30
24 39 25 31
32 37 4 0
24 1 4 36
37 27 28 39
32 5 33 39
22 36 4 30
5 31 4 14
30 18 29 29
1 6 31 16
36 37 21 36
17 2 30 31
38 2 15 8
5 11 29 30
3 14 1 37
23 2 14 10
7 10 39 31
18 7 13 27
13 25 10 39
3 34 16 38
21 9 35 8
39 21 1 19
18 36 36 17
16 39 31 21
3 31 0 22
15 6 17 3
39 20 30 24
23 35 39 24
24 39 30 2
30 9 36 33
10 10 2 6
31 29 24 30
14 6 7 13
26 13 34 7
8 39 16 9
12 31 18 14
3 8 22 0
33 10 12 11
6 35 18 13
32 26 38 1
30 19 6 14
0 14 15 36
26 12 36 0
10 22 14 15
22 8 16 15
33 37 32 31
4 24 6 12
34 5 19 25
15 7 10 22
10 15 35 33
23 19 15 22
37 23 2 23
9 0 25 35
16 14 37 4
16 12 21 34
0 4 38 21
26 25 33 29
11 37 37 15
18 39 26 24
34 38 17 20
14 30 15 33
34 35 11 17
29 33 30 25
25 13 35 18
37 36 18 14
23 17 14 12
13 16 14 27
35 37 2 0
21 2 9 9
6 22 6 13
33 35 34 34
11 15 33 30
36 6 38 37
26 32 38 0
28 32 4 12
15 35 35 21
33 11 24 35
17 9 30 9
31 37 26 28
24 25 32 23
3 31 29 27
36 29 25 17
8 13 7 29
8 14 5 4
0 6 30 27
34 30 17 2
28 39 4 14
16 26 20 23
23 37 18 4
38 0 4 2
34 34 30 35
31 30 3 15
13 12 14 22
10 4 35 15
39 8 39 32
14 12 36 6
38 27 33 15
27 21 12 37
29 14 29 32
12 36 15 16
2 35 27 16
27 10 15 26
13 10 21 1
0 14 23 35
8 39 32 10
14 2 28 5
4 8 28 38
30 0 24 27
31 13 30 30
23 24 30 9
14 23 4 30
27 6 4 21
7 23 14 19
28 10 18 15
9 23 30 29
16 15 31 16
19 22 5 21
30 12 9 5
34 32 4 27
38 5 27 0
12 17 21 5
0 29 16 12
27 24 20 8
21 0 14 27
8 5 21 36
25 24 2 17
30 16 12 24
36 1 23 1
33 26 19 28
15 8 12 36
37 13 0 4
11 2 3 18
34 15 39 20
28 39 22 11
19 21 1 34
0 2 4 18
8 25 39 24
15 7 19 35
8 32 12 19
16 21 35 20
9 17 28 17
16 37 8 19
6 28 4 38
6 24 22 23
15 33 30 26
38 14 22 11
33 23 28 8
34 32 13 26
39 19 31 8
31 32 16 7
31 14 25 6
5 24 37 21
39 6 6 25
37 9 28 14
0 20 39 10
12 29 37 28
34 4 0 17
13 5 38 4
26 7 9 10
29 28 34 36
16 1 34 16
13 1 11 30
20 5 11 13
5 32 8 14
1 23 36 8
8 22 30 38
26 12 3 0
20 16 34 3
5 18 8 24
34 36 18 2
20 15 13 9
25 14 11 29
25 27 17 11
5 28 35 35
14 25 20 10
29 33 11 33
33 31 3 33
32 38 5 16
5 7 5 3
35 34 24 32
2 25 2 26
27 3 5 35
9 33 9 6
16 30 35 39
1 3 39 26
20 19 37 31
30 21 33 4
20 25 4 19
17 29 4 23
16 28 15 9
27 22 1 14
30 19 31 5
27 2 18 13
0 25 4 30
16 14 30 26
32 18 34 1
36 6 15 7
16 10 31 31
33 32 37 37
21 33 7 11
34 17 31 23
14 34 39 20
8 25 37 15
37 18 28 29
2 33 25 24
24 29 22 4
14 28 6 14
13 28 13 12
16 9 6 8
35 10 27 30
33 17 32 15
0 10 8 34
27 32 37 35
6 36 26 30
14 16 14 18
21 13 4 25
36 17 29 18
19 10 0 11
0 3 36 9
30 23 10 19
2 4 38 7
30 2 31 1
5 24 39 32
38 32 26 20
21 38 37 4
20 18 39 38
19 13 38 7
2 37 15 20
0 5 16 33
23 19 30 9
23 25 30 2
8 20 29 11
11 8 6 24
21 2 15 35
31 7 3 31
30 21 25 30
31 17 16 32
34 12 28 3
10 17 21 17
4 32 4 5
1 35 22 11
29 30 28 12
21 22 26 18
17 32 30 34
26 37 28 7
35 29 23 8
33 26 8 24
27 30 1 31
13 2 29 9
6 16 17 38
38 28 34 0
30 13 29 12
9 14 21 21
1 4 24 31
11 17 34 8
36 20 13 6
15 39 17 17
39 22 13 32
10 36 35 17
15 1 1 8
25 14 32 20
37 19 22 7
27 3 7 10
36 8 17 16
36 7 24 20
7 5 16 21
34 24 25 19
2 13 25 16
37 4 37 37
6 35 3 18
27 17 38 22
11 18 17 35
10 14 15 5
39 13 12 34
15 8 23 36
23 21 7 14
6 27 27 22
7 15 19 5
30 13 13 5
25 39 37 32
1 25 21 34
27 27 6 17
33 21 23 18
8 34 8 24
27 18 3 12
29 14 11 16
10 33 30 16
18 11 21 26
18 5 26 8
25 35 10 16
8 38 18 20
20 36 37 19
36 0 25 37
29 11 7 0
38 36 21 21
5 7 34 2
34 15 11 26
33 39 26 4
29 34 12 17
39 39 4 37
6 9 17 9
20 23 14 27
15 5 36 30
21 26 29 27
14 28 33 10
15 19 39 22
14 34 0 38
37 30 28 27
24 33 17 21
9 5 9 29
0 15 0 12
1 33 27 3
29 33 0 21
22 29 8 22
12 18 4 4
0 20 7 31
26 15 34 2
5 5 19 15
36 38 14 32
29 27 4 7
8 7 6 24
10 3 20 32
32 15 20 20
36 28 34 12
20 26 35 0
31 9 10 24
26 4 15 21
35 6 1 25
7 18 33 15
21 30 2 9
3 13 18 19
23 2 15 13
15 13 30 26
13 24 26 30
23 14 28 34
17 15 31 0
33 4 20 39
5 0 10 12
3 14 27 28
27 27 6 6
38 14 1 30
20 37 2 32
7 6 26 15
10 23 26 34
28 30 3 32
9 6 19 23
10 34 19 18
17 27 0 39
0 20 9 31
31 24 30 17
37 20 15 20
15 24 21 0
30 5 24 22
15 18 10 32
11 10 3 8
26 23 34 8
14 31 10 39
16 0 34 2
1 6 11 31
16 13 36 26
9 36 18 34
9 0 39 14
13 11 5 13
9 19 2 36
20 13 12 19
14 19 25 20
34 25 19 12
20 31 28 20
25 22 34 31
9 31 16 5
21 7 38 13
4 23 38 34
39 20 17 9
37 15 11 31
4 7 38 14
10 22 34 3
11 30 0 9
15 33 22 20
34 19 35 29
35 13 38 2
32 27 22 9
6 5 9 30
8 13 12 4
2 8 16 32
24 6 12 35
5 21 9 27
22 11 26 29
36 19 21 10
14 11 21 23
11 7 24 31
21 24 10 23
0 26 2 33
15 12 3 2
0 34 33 23
11 32 36 23
38 23 34 19
5 26 4 23
7 23 29 0
34 9 3 10
0 4 17 14
19 8 25 8
29 27 5 6
8 20 10 24
27 15 34 31
0 17 24 17
39 25 21 4
12 19 0 19
28 23 29 28
38 6 17 28
7 39 31 30
37 26 39 10
22 27 17 4
8 13 18 25
39 17 4 39
13 9 37 17
15 8 1 5
29 28 28 4
37 20 1 39
29 13 6 29
39 25 31 36
20 15 18 31
25 28 6 27
37 20 24 21
18 38 5 21
37 12 15 35
22 22 26 24
36 11 10 28
10 9 20 33
34 14 7 17
7 25 28 31
32 3 19 28
22 28 6 14
10 35 29 0
19 3 18 25
34 7 36 5
15 20 4 30
17 31 38 18
26 23 16 19
1 39 34 7
1 19 14 11
28 14 0 26
13 29 15 14
34 31 23 2
28 1 23 23
20 30 38 35
1 14 1 15
21 16 0 39
9 9 10 1
4 0 25 28
36 37 7 15
16 16 1 14
9 14 12 34
23 17 11 6
13 1 19 36
15 17 30 10
24 4 32 31
21 29 19 14
12 19 34 4
32 19 14 13
15 31 27 27
15 12 14 39
20 23 31 9
38 21 26 18
18 8 21 23
39 3 6 2
33 8 11 20
1 35 34 19
32 12 30 37
11 13 39 37
25 10 28 32
11 39 22 24
5 0 23 1
22 14 9 10
17 37 28 35
29 0 9 37
21 25 32 4
11 14 28 0
6 9 3 19
17 5 9 27
13 14 4 21
24 15 38 36
16 13 18 17
35 3 9 19
29 14 19 17
22 13 21 25
34 7 7 25
24 18 3 13
34 29 6 34
9 38 25 22
27 30 2 7
34 5 3 13
9 35 24 27
9 34 31 22
28 19 34 20
28 39 21 26
32 21 14 31
12 29 19 37
25 38 36 0
36 5 11 34
14 35 7 12
36 4 21 37
15 19 35 31
32 7 17 7
17 24 10 1
32 9 17 21
26 22 5 15
