40 1000
3 30 0 15
11 26 36 30
5 28 26 11
34 27 17 5
32 29 38 39
35 21 28 9
31 7 29 20
26 18 1 26
32 16 27 26
39 15 23 2
18 9 32 9
39 0 11 3
11 28 5 29
0 15 15 5
11 27 27 28
38 15 39 1
36 32 0 2
20 19 9 38
36 16 28 11
32 35 8 20
15 2 21 12
37 31 31 6
19 19 14 33
27 31 13 29
2 2 9 13
21 28 36 8
15 23 36 37
39 34 7 11
7 30 9 0
36 29 36 26
35 35 12 36
2 39 23 1
1 19 38 12
18 29 14 37
33 9 5 3
21 33 35 13
8 22 10 22
38 18 34 31
21 34 13 18
14 8 30 10
35 6 7 27
8 3 34 19
39 31 3 33
24 35 7 35
27 11 1 20
14 21 19 24
0 12 7 15
29 18 15 4
33 26 36 23
1 34 5 27
38 8 15 11
25 18 13 9
16 8 39 33
22 1 28 6
36 12 25 27
6 30 4 16
17 35 28 20
5 36 4 13
17 10 22 38
22 33 9 14
25 29 3 10
25 13 14 29
29 33 24 26
13 29 32 34
6 20 16 14
2 34 0 10
11 25 13 38
20 35 4 19
35 8 26 22
35 16 27 26
19 7 10 17
39 6 22 21
36 28 8 34
30 30 22 24
8 0 20 9
29 30 33 22
4 18 1 39
20 27 32 35
10 21 37 10
10 35 15 24
28 22 11 14
16 24 39 13
7 9 22 28
31 7 7 33
15 28 22 32
9 20 6 1
29 37 13 16
11 17 23 36
19 11 26 2
31 5 36 1
36 2 35 36
5 29 11 26
36 37 13 0
13 25 31 28
3 16 24 14
7 24 27 25
7 24 30 13
18 18 11 35
13 21 21 25
38 12 39 3
30 33 21 15
28 29 16 0
36 27 26 19
17 17 18 25
26 35 32 27
27 22 24 31
35 6 29 24
17 10 33 2
32 9 8 32
28 10 31 30
10 32 10 30
7 27 30 17
23 38 34 19
30 11 17 37
38 3 4 8
11 5 11 33
31 21 32 20
25 13 17 27
33 15 10 22
22 25 15 10
30 21 35 24
3 9 34 3
17 8 6 36
29 4 10 35
19 4 20 32
23 21 37 24
35 20 36 36
11 19 8 13
39 33 5 20
4 22 2 36
11 38 22 25
37 17 1 1
34 28 0 37
3 28 22 9
6 20 11 19
12 19 18 35
1 15 22 32
28 3 24 39
12 14 11 21
35 11 8 4
19 1 39 0
20 15 37 7
21 27 35 35
11 22 39 14
7 10 3 7
3 15 27 29
8 1 11 19
2 32 5 0
9 32 23 0
14 19 39 16
17 11 17 29
39 25 38 7
35 39 6 5
36 10 9 23
34 15 18 16
20 39 25 3
25 1 7 35
7 30 11 11
8 9 7 19
28 19 11 9
11 2 36 9
20 25 9 6
29 16 1 28
13 3 25 29
33 18 2 13
32 2 36 27
33 25 15 9
10 11 13 3
23 7 0 7
17 28 13 35
1 14 19 31
15 21 33 26
11 2 5 3
27 36 23 38
13 13 11 21
14 10 27 2
29 9 35 16
4 2 15 21
0 18 24 5
36 0 3 25
30 36 2 25
28 25 6 8
10 14 14 30
20 38 33 16
39 29 28 31
32 34 8 8
17 39 15 36
33 4 25 33
26 15 22 20
24 4 31 27
19 21 8 4
33 13 1 32
10 35 11 29
38 24 2 8
19 27 39 12
34 26 34 8
22 6 15 17
35 12 6 11
12 30 24 11
39 15 13 27
35 23 15 1
7 20 33 13
37 29 37 30
1 12 14 9
24 17 38 32
7 22 12 37
19 32 36 6
14 15 22 26
29 28 8 38
39 8 30 29
19 14 35 2
34 25 26 10
4 9 18 25
20 21 18 13
30 4 29 21
7 1 35 36
37 16 7 15
13 3 2 23
7 28 34 26
4 4 36 31
30 2 32 23
16 24 1 25
7 17 3 6
6 32 2 5
27 14 3 23
3 2 12 6
7 20 17 17
15 5 9 14
37 30 22 19
33 6 17 31
33 24 28 16
34 26 2 4
7 31 28 10
14 12 9 16
4 17 4 1
0 0 15 25
37 34 33 30
5 31 18 16
11 29 31 21
26 38 12 36
34 7 25 25
23 7 8 25
33 14 19 22
19 13 5 36
18 20 13 24
8 24 27 24
17 7 7 20
30 11 33 17
7 16 34 18
5 4 34 10
35 24 21 24
17 27 1 18
21 27 16 27
33 9 14 19
26 36 34 3
26 25 13 13
39 14 2 33
6 18 30 36
21 33 18 6
13 12 21 1
35 6 15 28
35 20 21 17
23 35 3 0
29 8 22 5
6 11 5 27
3 14 11 7
30 19 23 26
15 26 24 18
3 31 30 28
35 25 21 25
6 1 33 34
4 30 35 2
33 4 17 31
31 15 6 24
8 34 26 16
9 29 16 36
16 30 11 3
36 36 39 20
33 25 20 22
31 33 3 12
23 15 20 32
26 39 4 33
31 15 1 5
36 23 38 19
0 1 38 36
21 19 1 17
30 1 38 19
21 2 22 8
4 3 13 24
15 26 5 6
11 12 3 33
14 35 10 9
33 3 21 22
36 22 5 17
18 23 27 13
34 35 28 24
0 33 20 5
20 23 32 16
18 26 32 30
25 22 29 30
5 33 26 22
16 15 10 2
20 26 2 31
31 14 3 5
12 22 27 31
0 32 14 6
5 38 2 36
26 4 13 7
2 38 31 13
2 18 34 25
25 3 30 21
24 1 4 39
32 38 15 38
32 21 29 21
9 13 1 38
7 5 30 1
34 36 18 20
26 25 23 26
12 34 10 18
4 12 22 17
6 2 15 26
32 1 7 8
34 35 34 6
1 29 22 39
27 39 32 39
4 29 3 30
27 22 9 32
23 5 18 26
31 16 6 38
30 39 25 5
27 5 27 22
13 18 26 10
6 0 35 38
6 8 2 0
0 5 14 17
36 22 25 27
28 29 8 19
18 30 0 1
30 8 28 3
14 20 34 0
27 15 9 8
8 22 35 31
4 16 8 36
24 14 28 5
29 5 33 37
12 25 1 9
21 18 1 7
3 11 1 15
23 8 20 11
32 11 34 10
26 34 14 28
1 21 29 8
3 24 7 28
39 22 37 30
26 24 29 37
6 36 26 35
32 5 28 38
0 30 39 6
26 29 28 15
4 6 3 2
19 2 37 4
4 13 18 25
0 25 1 29
3 9 22 0
37 1 3 19
5 26 10 21
26 26 39 38
1 0 31 37
31 33 3 27
5 20 30 26
21 26 23 30
39 12 38 28
16 7 8 23
5 1 26 6
29 35 5 0
3 23 3 18
25 31 8 16
13 21 37 34
5 16 31 19
19 26 39 16
37 23 22 22
14 33 35 9
18 3 6 36
18 20 30 35
27 19 34 13
7 6 32 11
5 18 19 39
16 10 33 35
38 22 9 4
29 35 30 27
8 28 13 2
26 28 6 25
3 33 5 7
14 11 23 1
8 30 32 13
23 15 31 28
31 15 35 28
19 12 22 8
5 16 9 7
32 30 10 14
34 17 23 7
5 12 30 37
32 23 6 28
21 17 25 28
2 22 34 25
7 7 7 9
14 37 0 31
5 3 28 9
25 29 29 13
32 12 31 27
9 29 35 30
13 27 35 25
18 19 19 18
26 32 21 17
19 39 33 27
4 14 26 4
22 1 34 6
19 11 5 12
6 38 13 17
23 26 35 13
12 28 12 35
39 34 3 32
30 11 17 29
33 27 39 5
20 14 23 6
27 23 34 12
16 38 26 37
4 10 12 14
11 6 8 30
34 34 1 27
35 36 7 18
38 9 20 16
13 11 4 15
16 21 29 17
13 12 3 30
31 34 25 2
4 19 9 5
26 12 23 24
11 11 15 38
6 28 36 23
27 7 12 30
38 3 26 11
35 15 7 1
21 32 37 20
2 27 6 34
39 32 14 26
33 29 20 8
23 29 9 24
30 13 34 35
25 35 3 15
19 5 16 28
25 39 5 2
31 37 35 12
8 30 25 8
30 20 21 12
15 33 33 9
34 30 39 14
39 24 27 26
11 35 38 21
3 39 35 23
36 35 32 23
1 11 9 24
15 10 34 16
38 26 9 26
24 14 16 4
15 10 3 0
13 32 34 3
17 5 21 10
29 5 6 9
15 34 21 11
34 0 7 16
35 35 7 37
17 17 9 4
5 13 24 37
20 31 24 36
10 38 31 27
26 11 26 38
28 8 26 7
7 14 8 15
26 19 36 17
22 34 20 31
5 3 31 1
11 39 13 32
9 23 29 31
8 11 33 19
33 5 24 6
38 7 24 32
36 36 21 9
1 5 29 27
29 1 18 3
38 3 23 21
39 7 5 2
16 23 38 12
34 26 16 30
15 22 5 28
19 25 31 27
32 29 15 3
22 8 9 31
18 6 3 23
37 37 30 10
18 31 38 2
9 14 33 16
21 13 20 29
28 39 10 16
9 1 31 29
29 19 17 27
18 23 37 3
39 5 23 14
19 5 23 17
13 14 28 29
3 33 20 18
19 1 4 39
31 0 1 29
27 32 29 31
10 24 27 21
34 10 13 15
3 24 23 20
33 7 31 18
23 9 17 38
28 1 26 12
17 3 5 25
26 9 19 27
21 20 26 29
28 10 8 7
15 27 38 29
15 14 34 13
13 4 22 25
36 14 32 29
12 19 7 29
6 14 35 18
13 25 21 4
31 22 15 6
7 38 7 25
15 18 20 1
8 34 13 17
12 19 25 10
0 0 19 7
26 24 15 5
27 30 17 31
30 13 18 33
26 4 17 9
24 18 30 34
21 20 9 21
36 1 22 14
10 14 25 2
19 25 36 19
15 12 6 27
38 31 12 15
38 1 7 12
34 3 26 3
34 28 31 1
4 28 34 19
39 4 31 2
32 3 4 34
15 24 29 30
25 11 11 14
35 0 1 21
5 18 39 17
2 19 25 7
27 1 34 25
4 24 39 21
20 15 2 7
38 6 9 5
18 36 33 37
36 19 8 27
36 27 3 14
18 15 26 14
10 14 10 36
24 26 4 37
20 3 36 29
9 1 31 16
27 3 12 7
26 32 11 24
12 2 28 6
10 38 36 35
6 28 27 24
27 26 31 19
17 19 20 17
28 10 26 3
0 4 15 4
36 32 10 38
3 16 8 1
4 9 16 17
11 3 14 8
5 37 35 21
38 20 29 5
38 3 3 25
28 30 6 39
24 11 35 6
11 8 32 6
14 1 23 38
26 14 22 16
39 38 31 28
24 24 23 10
36 5 20 38
22 8 33 11
26 2 30 33
31 8 32 14
3 19 25 25
38 8 23 29
2 33 32 11
38 4 39 1
20 11 0 34
2 20 12 14
5 28 34 8
31 6 22 12
0 33 21 20
16 2 39 15
16 26 11 35
6 11 29 9
5 13 9 1
13 6 35 8
23 9 35 12
0 7 11 27
36 1 2 16
36 6 18 12
32 19 13 0
19 3 23 11
0 24 31 6
24 8 11 20
33 7 20 31
13 23 22 18
17 1 2 32
3 0 36 17
13 24 4 24
21 13 16 13
18 13 5 11
7 7 13 6
14 5 17 24
29 23 27 6
32 27 28 6
37 2 22 7
36 12 16 11
35 11 13 19
34 5 26 19
18 21 19 33
18 39 19 20
32 2 22 19
30 14 18 18
8 0 36 20
5 35 30 32
31 0 19 2
39 29 3 24
14 6 25 9
26 8 25 25
22 13 18 15
1 32 29 17
16 27 29 24
4 5 1 8
36 2 0 4
24 4 28 8
38 4 22 13
19 29 37 14
34 30 25 22
22 22 38 20
30 25 4 35
34 18 3 23
31 33 31 12
4 16 38 34
5 27 6 27
18 32 29 26
20 5 25 31
19 18 20 39
1 4 36 11
25 7 34 6
8 18 24 10
39 18 1 32
2 38 35 1
38 18 9 17
0 34 22 14
25 2 20 30
7 9 29 6
26 23 10 0
28 1 6 3
12 2 38 9
28 4 32 33
23 33 16 29
12 34 13 18
21 3 14 37
34 9 19 1
17 2 9 7
26 39 18 25
2 27 29 16
29 5 25 35
1 5 10 14
4 32 22 30
2 23 25 22
33 24 39 23
25 30 28 32
29 3 4 13
30 39 2 18
14 35 30 5
28 8 1 7
9 10 29 25
32 3 33 32
1 22 17 22
38 37 22 20
11 10 31 4
4 23 21 18
9 36 6 0
1 27 18 3
21 21 29 24
3 30 34 5
32 33 12 37
26 9 25 37
23 19 28 31
6 8 34 13
6 35 28 19
34 23 28 15
36 34 16 33
16 25 30 16
25 20 37 38
16 12 1 8
16 22 1 29
28 18 2 5
21 2 8 18
31 12 37 35
26 3 36 21
11 21 0 22
4 5 11 26
19 16 27 21
4 34 25 9
6 4 30 26
13 6 30 31
39 14 25 6
27 23 10 14
7 33 17 13
15 3 19 7
38 18 17 22
0 36 21 18
12 37 24 18
37 39 7 14
1 25 4 23
17 5 39 5
36 16 26 19
17 39 25 2
21 28 5 32
5 35 24 6
23 8 31 9
27 24 7 14
6 17 9 5
11 24 34 21
0 36 29 1
2 18 17 5
11 39 32 23
1 20 20 17
17 3 13 12
9 18 10 27
7 2 5 27
35 34 35 21
19 5 30 8
11 20 31 37
26 5 17 24
8 5 24 22
15 17 2 39
2 2 16 0
28 11 0 11
25 23 0 0
24 6 25 39
28 12 26 19
23 35 15 25
20 3 23 14
9 39 21 36
11 16 28 39
30 26 37 20
9 5 36 0
31 6 22 26
15 39 30 35
11 9 27 23
10 14 10 8
18 4 27 11
15 31 34 11
5 35 16 33
26 7 4 12
24 36 0 14
20 11 6 10
30 11 16 12
2 39 25 26
20 35 8 14
34 20 1 3
32 35 22 36
4 4 20 21
3 2 20 31
32 10 5 29
4 22 37 34
9 31 36 26
31 19 5 23
30 34 10 17
36 21 20 36
2 30 15 37
32 9 9 31
32 38 39 17
2 18 6 15
26 13 36 3
28 5 9 32
10 30 0 21
6 7 14 13
3 17 4 36
37 9 13 4
13 27 29 3
3 0 23 23
38 33 17 24
37 21 5 34
2 0 1 32
5 16 5 18
19 9 15 26
29 37 34 34
28 35 1 38
12 38 10 5
14 27 4 21
25 27 37 8
29 0 14 12
1 34 26 1
4 8 6 4
17 17 38 25
36 17 5 24
20 31 2 8
31 16 5 5
7 35 8 16
8 8 8 11
11 27 12 26
10 18 26 15
22 13 1 8
39 16 38 26
31 17 21 2
8 25 15 3
8 18 4 32
34 33 22 22
26 21 10 24
10 29 25 35
22 14 39 11
12 37 30 18
19 2 20 37
0 10 35 27
20 0 20 16
20 29 15 7
9 12 19 10
5 25 9 0
37 12 15 15
25 35 31 5
5 4 30 27
20 15 12 26
10 33 16 36
21 28 27 1
4 1 14 22
1 6 1 33
33 34 37 15
27 33 23 36
0 7 38 24
7 26 30 0
25 27 16 13
35 2 39 16
9 11 18 9
17 33 31 30
5 7 26 24
14 24 27 0
5 21 26 11
33 21 4 26
20 22 12 31
6 6 13 19
25 9 32 35
32 9 5 29
30 38 7 36
0 11 21 3
1 35 0 1
21 35 26 16
28 28 19 16
4 37 34 19
20 9 27 7
39 20 10 6
33 5 19 31
2 15 5 18
1 0 30 34
33 15 27 12
18 20 3 5
36 18 28 15
7 26 15 36
24 38 27 6
17 20 9 19
15 9 37 33
25 39 2 7
18 38 16 39
27 32 26 16
36 27 34 33
19 34 5 18
24 15 12 34
20 33 19 5
11 36 8 6
16 14 15 33
8 1 24 4
25 14 20 17
20 14 39 35
33 31 12 31
34 26 21 21
26 29 38 11
4 22 1 1
16 20 16 31
4 21 11 22
38 37 22 19
22 30 10 13
2 3 22 38
8 37 5 33
30 18 11 9
27 15 27 6
34 15 35 8
38 33 1 30
11 15 0 20
21 25 16 10
9 21 7 23
26 15 15 13
5 26 13 2
0 4 6 31
23 14 12 26
24 13 26 0
20 27 37 14
15 16 9 7
25 31 36 18
0 1 26 24
2 5 1 39
2 8 12 28
27 38 10 19
31 32 31 30
5 4 33 6
14 17 32 0
17 8 12 14
37 28 7 37
27 21 36 16
19 34 10 12
34 18 37 27
6 38 15 1
30 18 24 22
23 31 4 20
3 16 20 16
26 20 35 21
6 2 19 39
33 24 17 6
7 15 12 23
29 18 18 38
37 35 6 15
24 37 7 28
16 1 0 31
24 29 24 32
17 28 22 2
9 10 25 33
14 36 34 13
3 28 24 18
20 26 25 13
19 0 8 10
11 21 11 33
20 15 28 38
14 30 25 30
21 11 27 27
30 29 6 23
16 9 24 39
13 5 31 18
25 12 28 29
3 35 34 0
1 5 37 15
30 7 12 3
2 5 17 34
33 29 6 32
18 23 22 0
10 6 39 35
28 38 19 2
36 32 5 7
13 31 29 3
19 4 19 21
7 6 7 19
26 5 32 15
8 18 0 12
17 12 2 4
15 8 22 13
6 39 16 3
26 15 7 34
10 23 25 11
11 0 30 29
37 3 3 27
18 7 11 10
0 13 29 5
8 5 37 5
30 14 32 35
9 25 25 18
9 12 20 31
30 34 10 35
27 3 21 27
32 8 31 3
7 1 17 33
14 22 0 6
2 26 8 13
20 19 3 16
25 28 27 27
10 33 32 25
33 10 11 24
28 19 15 34
39 11 11 18
13 24 14 12
28 2 14 4
9 9 24 15
30 33 9 11
18 22 14 37
